2383153667
925173178
3082135145
495824472
1120313136
3717680613
1755988437
1000457834
3929695750
2234337990
2261628668
3263869266
262768112
2999333691
3674892239
2538792155
2564740255
699592812
1922258436
2835960646
778805747
314706334
3743330033
3919569209
501406112
543040796
2535861571
474621183
1996378932
127054992
2098987581
465570678
473998728
1119498954
2345955714
1073357477
3939669357
2505346173
3956567780
1317868303
3551920770
3280767350
3856468495
2698854195
2319376635
2958041936
1066968010
2922607044
40168385
2839307502
2965958374
1841943281
2714576320
3403620378
3328407309
3667146285
1664114676
835608275
1376408207
3747214002
1118933262
3132814033
1974064500
126014646
3004764911
3892898194
2801782451
3564227968
741525574
74423716
2752356361
1967155575
3091655462
4178364561
3789616036
3703645368
3567474407
3481963562
814210644
2058632186
356132005
2618124612
2017765964
1365604007
511933636
765000166
356369059
1310197925
1280085963
1843603007
1642731136
3051512712
1949047749
2961731104
1217352219
3252792456
2958034945
150294028
992970225
4066508978
261991583
1428412924
1715510245
3346797622
620255745
3240141023
3333777097
3049942789
1394622857
639032041
823645419
3373894212
14345383
1692477431
189426737
3493662111
420011712
1166120552
3519496631
877700249
2581801323
2062282408
3383028287
1325156823
1307476082
1140870402
53977718
1129105265
3949059204
2026253606
177832320
2574954711
1665678974
2750799537
2637807317
575518757
393068387
1699621593
2803580796
571133028
710791216
405611573
1401831542
1345577858
960916034
2646045593
1300962917
3749570854
1115000764
4123759323
2565163112
1881968783
3042061272
2735212356
767605081
3852661096
733106126
2404016073
3317451851
1347850743
2252823400
2857580062
2915569181
793694002
2412043317
3372891777
416104391
489321898
3656103705
1097312011
1717331426
2596625683
4222376669
2265187433
1620254541
4136179301
1430093873
3682595624
1192658057
2941850708
3374303861
4104769895
4206999659
