7321725771178902568
15497780177668826039
3805902327737097051
4297112866299634160
623619132456498637 
2663860773988022317
8933239176680736653
12948384004201060118
9949434248328120347
7633654707628078186
8066062433216324909
2094959821210567923
14520352903276251347
9169494928313906670
16729383830273991007
8147148134635792990
17063566229186231600
1872568968151271359
7142245245938622708
12144086303734035755
1355818965051121858
16309961812860567672
12338799113932639693
6263280802876456180
10580484815043217823
790685163231720794 
7588769906227559914
12129670746757165286
5628685998656478427
2503861364763908946
6838589966177664256
8285720731008136501
10567963313412096131
8334212015158494661
15534545755856015758
2403406963011131615
12792715407524036779
13692366292138346945
7434418265759049856
2701675574110914865
669136449500611865 
16014985103140797972
16251376650002579756
9056713641782674454
1105761646510968720 
2801348129917912766
7946062107788475747
6340893632314176736
4856459649194900799
8927227457682409355
1047102535044367956 
2288538619898506684
15834010867461860956
6408319798716063331
13507845673088360005
14616844370613144203
17792593163921017682
2536546002323928631
16977870829408824171
3742148002447558348
14931078643712368857
13506328916648730308
15784519865634839357
9910861982157855869
13739466093926221268
14997180252239104306
15524954518817421434
13048096544371386048
18348387205706976083
1304696080254050144
17991222432920770719
10580484812921250554
7641680529136884985
3426707956186690483
11070162680075368630
12073807007121552684
5371119417011506807
1221147846666521068
8315346941913534709
13758892102165055206
16805774251443060432
8389067063853169647
10345223149960486191
3231456216063755292
9190118504753265163
164781509245986311 
3231456216063755292
14942523580567931989
14979959299445920449
5281524278536068476
10269832072396456435
18122444718368576130
12432313659132786221
5396682466761858671
9301436292948718447
311393165027510167 
11112613717002240586
2058789825759169922
1823550215627716277
325635952298926207 
1764836846822195877
1801894172947439750
12948454760520712467
14847782887233361197
807530467341323990 
13105483098538564869
15940353348039754055
842346004797645228 
5779161077341936950
5238346528019785718
4379066834010350468
5342473207255906191
311393165027510167 
5133800323094206427
5928944081051322979
1669753982502099813
669136451122644836 
2674736417297003678
716422868682543387 
12828830242373894456
4788293689210174358
5309781273999425823
4072871443500118677
7643671076624952151
624888899230344001 
14193474591182558659
9014209220136379235
15345807298761786928
3984782158061402932
125189618947200665 
559828600122547272 
5656984802600455575
14492257522271911612
13778925727641139106
9910861980905907766
14492257522271911612
8580676988567705308
268656023659181977 
12009843302122540055
243386398671331850 
9918744970027929963
7912204070131317309
17579044608632049079
12922486796510712522
7912204070131317309
3444078683245472463
13692366290817479196
17834362295753384322
7096374954437794683
11325269077589555334
13562986567003581560
9106777970281271731
9641089139790526280
4001709313886830856
13692366290817479196
2911263612959377673
6737780551327570884
11790714502389445934
3601844168896326887
15953409097097085017
1299818741650545922
14198399672441711204
16248899269628122032
13692366290817479196
3094637348550251143
4700962720599373306
8982224597397203877
3205293160578297427
8932678397505327542
14705354512825439986
4436924859705834193
10227428959684747153
626677190132588390 
7854376885792137245
12314259321211897529
9429435368131767593
12759500193475129856
16076407099945543534
6264926352856399551
8964621365982976014
10640199111198237326
126209228251562317 
16657281298017865092
1333200836917965683
13299255713615460940
14085022802277119948
17457500303074583094
12305793272078624158
12709729888042790637
15096451036998558037
2471314781831885710
12880676904065028539
10676002078066773787
11089772543331371236
15117374697434493993
7595960954597550266
8670121105108234541
4959964075952242731
15627729593981491516
18445433711197212415
18286110494872808720
8982224597397203877
14471569877299989604
1446212828475932040
995316749174161605 
16964591707965865071
14509613532111914788
6176347845696227738
9072323913991645778
1458126965340854891
6676923018161904732
3883764020698574198
10846323958384082697
11666728542915817728
127928091945355319 
5784688519098572976
13692366290817479196
4805979951759390129
13093203730299962727
1252311424373944127
13923909645846283606
10325107925236116378
14608356493033303831
7340498990353061436
507100681084190460 
77191170962314381 
1373435561815948833
13900782585828120566
3402949030384151562
16335781707448436401
16227170765480758800
5640330883758845444
16885629448879479147
17597699231003833727
18162358078455777029
11777695126789514788
6004344046877032237
2842190412271917952
16133461241441312330
10916013396339359148
5237588369097093521
388482610350749505 
9363622408305222497
1073416245117088637 
16846306773311734917
9337960520415473825
12394912688342521951
12597338757750519306
15336197187069166630
11120155283779290585
4399886558012946324
3085604017202651921
13692366290440642817
457178928734045290 
3551169968792793201
13692366290440642817
4591892153892599335
13692366290440642817
13158298295398880130
3731211896863741445
3085604017202651921
15459250669400229461
17597699231003833727
6004344046877032237
17019541780306929573
77191170962314381 
16335781707448436401
127928091945355319 
2842190412271917952
16713555814864025503
15549475149014543156
18162358078455777029
5365671663949660478
11239434075022718034
14608356493033303831
5237588369097093521
16227170765480758800
9363622408305222497
8419104228522653795
13778925728205364678
11120155283779290585
12048824357758792745
18371508984470593967
12413728640473566949
6121066738300886889
13778925728298439053
8604491209257726349
3135804012649125849
43734855498212161
8917640577919926747
10516579982415161011
17879532088389526338
1170201033107956826
13841633035011017778
1831599158786246709
18233038861163461241
4573584855922441399
3346143830140945539
938730918102637355 
14222067052282735636
17811338738729254704
6748593424804123619
5159703434427359050
10403131344240349315
11474271775116655875
1222682100406234920
14267230132662735777
8161717135388993783
13678910806634342367
2684075634097638883
2368397635890902504
11043905958155219258
4856459650385167437
8637243873392768373
9909808184283276672
9113007827125320815
1272871286428027736
6167626834121478954
9343413186028247272
2088111755221835035
2960057235839776455
10072995483474668856
5352184811088222387
6971396952380106011
10755901116199261149
2994815077134457937
13074582450861589834
11089772545499461387
1373435561889009957
11664141210853086241
17019742035594067537
8036098855603534724
12007803630801831115
10559635489287564630
15054152155268224974
13977403694234234691
14805790967374840691
13692366290440642817
17706494563398535500
8050544896802256786
16522993657965316539
8132168452409241127
12443008830515777390
2478627736751563923
12995959525957382903
6727633221927441004
13123892664546322177
8914887138202986397
9629246079766554746
17580898031686485666
5818467385354664893
11557191882263039011
11301537100274655075
6590839968624723815
3027236524896532592
15752821806778713164
10906150091172436175
15938870997556443140
10180347448536840804
18130954972934579157
17189362583766575268
1409390904446310305
7377373507611318328
15555828925457330347
17255291829349284447
60615775395063253
3908678119171923174
12711165041271587136
15044365570195634264
6011101874863127604
13692366291062133712
7378421124241641915
6813035115863776498
9666933941771115377
8490945314667613928
12245748091439864644
9813037879933841466
10632883639462468089
12763658592170767356
10796517830046042364
4198418888348763144
13805595993278360180
15046206002071677209
13805595993278360180
3061711513461444455
4210322708928128826
8591923800789698132
5427746105544433926
1458528635458825015
7355725333267707949
2229391085769893503
11494494017004056577
971035256311986913 
2623268628033947717
8874668553516670951
5499922305449600031
10798883939687366429
4212809747520554490
8661560780505272445
2707848842021369922
11495817253974140064
10301734482567612093
6853155322924809327
16335781707886014685
9118441372224004495
11422217041844606663
8591923800952727663
8591923801447723378
8591923801447723378
12711165041271587136
3337384986034620427
12390879720218073607
8591923801447723378
11584637710118494119
3966303151244465541
13692366291062133712
1494615345181909570
13379845414463322625
7179826639468198049
2884508117905276085
15217212798314500403
11707112487159235264
578920872169386551 
16008487329608879770
3164076030760583153
11546662597732747127
15300032742547649388
11032328448736735165
10339052594923104575
5436784225159721
6813035115863776498
16818950340808600969
4043198646310275584
16818950340808600969
12390879720218073607
6813035115863776498
11584637710118494119
10925109442950100219
7179826639468198049
2884508117905276085
15217212798314500403
11707112487159235264
578920872169386551 
3164076030760583153
11546662597732747127
11032328448736735165
13692366291062133712
12390879720218073607
6813035115863776498
11584637710118494119
10925109442950100219
7179826639468198049
2884508117905276085
15217212798314500403
11707112487159235264
578920872169386551 
3164076030760583153
11546662597732747127
11032328448736735165
16303768424500009534
7907265150013500821
17448407785165063134
2500669059848602231
12227228159768810359
14753649436548825355
16864853185276795653
14642927632410196696
7587743461443263002
4876689441015145660
3585873716716920440
995615181715366787 
2873104726461961338
1238903166341625231
2787362894992266234
1730732227238544858
17448407785165063134
3987036958563143975
12701412803704976125
13073091613988162463
1691285504440344343
13919526788088159105
13125665327137984500
5445626211442894278
8509908628991767774
3283040224570582667
13778925728168991220
4548420606872973665
16444040181109667342
13692366291062133712
14303818326402792613
9647229844161900326
2020510063753121680
17448407785165063134
17095045713173360557
17375396773452063925
6767763242018305173
16084838948306079461
1051554245651779054 
1205818359383704948
17310093571096882098
6586649295033230424
8782894235151688820
15459556952466702672
5444448590434369232
17734534634724647179
12415198701948877708
13692366289065755867
17486142348854061208
14226408593764150368
6813035117570357780
4171286618477780665
17686169226492753712
10637992890751734296
10661236466012705138
9322271429417057339
8010849395836457330
6677817200934273260
12862706703496152937
4443835214890258185
16739948030776778806
1492374488488415055
16285489298373674773
9910861984270198449
9927591704175906785
15627621336532003734
11470512779285611176
6360626099898833434
5828997618830402043
10413692005377384825
12192879128609836752
9927591704175906785
12415198701948877708
9477177655494698775
14226408593764150368
9910861984270198449
11470512779285611176
6360626099898833434
5828997618830402043
17686169226492753712
3898007243241743448
17338437658369504674
10637992890751734296
8353388108329444966
10661236466012705138
8010849395836457330
6677817200934273260
11525059718792303210
4002480262128725619
11882419990936887808
16915957435206399154
3478156281307181447
13275901283389795790
2666365167677191232
14347863499030607963
1350325564474057506
16729744339465773731
855188502111954585 
15300032743098172028
6813035117570357780
9910861984270198449
15368849982959826339
3576516238056945638
6383355109533939707
14785185449504550442
15010550115744784200
9927591704175906785
907015126841466849 
8548338408775937236
7657428802442316282
14484211347413854236
3348325876616952980
6813035114920423911
6558400890525999660
7363044059101882867
854369945961870534 
6343934241195948253
17679292656675009528
17735069464970303855
11918321211855263686
5481392584680664835
5097757964803847967
5060232275113051787
18379877278173497906
15057564832269591991
15217477691280195937
7094582353794741084
18333913348215368562
4838485930346089455
14399073918862134359
14620336818890410387
7415011211505467909
6719414478908173163
9327370716069679181
6126103127030529570
14337407803489520600
3662183195680493208
8362360084158745339
15876285015760178943
36450341316282234 |
8307648101763812023
8596060832883940248
16113366779388686009
13009197852934320100
10381129660751099733
8405361651482493320
3192702421792821193
10635690975259637948
3083989902636540064
16400368255658861039
17138781139768767156
12442894757258590389
9957409029327086304
3598035800516467586
16586569856035003941
11249678862554071605
9284260910600041188
4190083341403395231
9235264622345994125
12577982977842000961
9535614989225057468
3216309213888000330
16613203801679008778
1131909508177783453 
8439275150797553871
937938760857709186 
8152990312709510190
6365442645836402600
13717542579062163535
13692366289065755867
9884398316302768728
17124650872718691695
10666822835277461653
6368751837318552780
17213448624203765182
13778925730341576126
253199491572344407 
13692366289065755867
17448407784343782530
7016291153323711804
1202533786184649493
15601839263328574316
386822117652637466 
4694949136716110838
6636896628195759886
4445897175122605855
12809260467585312265
8658186201627748891
9150018064141298844
512818166947645086 
12194235188587183806
11970674207874776660
10431123740471667728
1022528498829751823 
10023930973806277433
18332135807463657099
13479655875302804593
253199492226371674 
13863135676444662989
11578913124421007521
11511047320779857817
17618028204405407225
15488468009323362418
16107169357247082974
18045842087450426736
18403977188885107657
13036349636386480486
10542817103151729
16073601603920498244
12513112952823083279
13621403407566434810
14027500305544290502
12009097872844212800
12104115986716452822
300122374809490515 
7757616129131802553
1278538065485635509
17091477339421382492
12083975320885369851
3613319505617976877
782233670995282742 
11833695363214520873
17335139685100156853
12359734784483812254
6616699785732945860
2032092803461034467
594645572850585038 
5719534514515679919
876382704593013418 
2404330793123489728
2296713887870728645
13778925728274704594
8648511564814406371
6826142033253140706
6785944276267664436
13489198693851358069
8190329791480459849
4667224418645187062
1227047330692862509
3545490393123517396
10157363326527942623
5569364943664192220
8961271091489293169
6254383612103089552
11496012516856531216
17822072571004208562
9727198083708310919
5688260748710886404
9789689372452797287
13578659146363566154
7909155703914921338
8783772832810647326
12102445656412413181
13378044882482428671
13116821613048444325
11024896442799758182
11519016763976862215
17592182240977439368
12461138853512417111
14937793590227355300
4586525965402061297
13778925730316999086
11049944298660052576
8115909086267685771
16107169355164378926
5880147487835504278
5205399860876873766
18117517896764707100
1227176890236346141
1868461009334648350
9814323533862164808
6262788972464501658
9961747385562196957
14255376671222475512
2956367353884010682
9529108458328408418
522949030145717611 
16107169355164378926
16732758434202454309
10093341917579501321
6452165643507086201
13826182726670879265
14263622026360251108
16070053890230751353
15395039062689752961
11118948136766650287
8606243637061533731
7970226097676865071
14607221403252117391
14007930309804163220
10528970870027731360
3208109888201130129
662253291076331740 
13011675163406351300
16139412202985394494
16928285885897951776
1522066143253837294
6638572878274465196
2924304045311798573
8821114324599867989
17511020299260255187
1123670383957752287 
6918087524684838511
11945425968597605672
17971565022533730281
3431375611598619318
11946549579191908574
15779702127392213948
9320683360356730368
6813035117932698911
15352904647441802654
12748345055948505033
3883641431283490276
3662180555614881574
87325086559177920 
12993691021815312173
221152759627247962 
2914038206301847908
6217272630731196296
7976960789932367516
14170800822477357041
11184085808971156931
1277678885621019187
4295545866493923630
3190473933112846730
16996405667850153236
11037596379016004197
15851225544728636918
10729277452887434334
6915938623277559762
1228446148071378464
10908937042033672955
6242067303567152504
12240418737365096818
2599302404668549920
2408998542996029247
18089928307225299498
10726551987504432812
1183521228240910228
17779477811093423281
14454534765027151440
13910508367766712064
6200076212974215791
17567111523977207151
14123204163941989550
5239782642751263371
13892340668455531003
10712013321696916896
4757910980368850958
12692287836388845173
15330629465010026103
15913774637260974285
10163977738029343723
8590079641090965169
99109632114830535 
12314729875215431441
5554559826800461477
9371042350260538892
15330629465010026103
14859947347609745565
17048319062250990513
13892340668455531003
13892340668455531003
12692287836388845173
4757910982908834552
13692366289557469117
8658213609736718854
3488626095743552271
11018913309418686494
2650610972881141106
14295017374520808589
780021803912989261 
13692366292222501279
139507322467258082 
5538824067440705060
11089093296873461294
17649019769116841360
3636898425641851012
5924428142053019470
14927458036892593587
6719378511105723427
12473196243751748654
297595139612637063 
13692366292222501279
13710395542355883729
6967974319019572880
796554714054193783 
4338037677446685826
11560641495909824370
3766009868889631877
7505871007979828778
12399329329981842732
15016043451110548549
10709048412939705654
11243598482945742567
14393320739342218702
5769602401621664443
15960727968383529423
15869306266962519892
1095628292876488792 
11089772546103228090
1831983874312778826
15699464448121813231
5467813874964351872
5165648875299737519
5411170521307796610
6433317180964913954
2999012319824427813
11448446879996987470
8476010485318176156
11248379787389538430
5494087815949588706
8591923801778030836
14143048088168946378
2124929202948529140
14904725641115268174
8748596460135101352
9969293828430884709
15650130883302003269
848771352133000134 
13871647041649432332
13314629278343453910
553683724654807397 
15567994927174671630
8298682989927242832
13550854628888103127
9731164576418668085
4819108884574181501
16668341495158022218
3058611523962683709
17546940548726390449
3662180555868220474
1781196507703871395
14342875259601264485
8509706365230041294
4447713681719526425
16377015767914879501
2007532422073513610
1147707212843890596 
14441321226593129572
4316086429448169824
13170136135258577468
10527306006515051338
5872031470139153991
18007843933224572875
6107794882150149403
16393406223381807316
12853399464290866105
1672663199800028661
17023894553436660436
13018818343004926477
2583728409079003612
14660784378949404327
18269573479152738965
537173745492863714 
15662309291037475316
17798023638196812507
8245682552634770549
9822653891554812268
16162919405171225299
1763103773992848720
2217179679212864342
914120561968694674 
1040241149102488026 
2213433537443821438
12512791793012643234
15079894006358814427
14185135828630142462
7384375374144551781
13871647042418431248
3796160170711428126
5339159827953723022
11445245702040300561
17712064644672903978
2333378439979192871
4787688919968277322
6211850217037575458
14020311515711813354
14992960893759532269
8865739577032629668
9943410116205400536
4373998829358732428
18236918067572099235
17478091102866938404
8591923801778030836
18102626180001840839
14548899098064169306
15441153599768177595
1763103773992848720
2217179679212864342
914120561968694674 
1040241149102488026 
2213433537443821438
12512791793012643234
15079894006358814427
14185135828630142462
7384375374144551781
13871647042418431248
3796160170711428126
5339159827953723022
17712064644672903978
2333378439979192871
4787688919968277322
6211850217037575458
14992960893759532269
8865739577032629668
4373998829358732428
18236918067572099235
14548899098064169306
17478091102866938404
8591923801778030836
490267899127200302 